After solving 2C8, the number of odd orbits of 2C3 can only be 0, 16, or 32 out of 32.
The basis to solve 2C3 is as follows:

1: [1 0 0 1 0  0 1 0 0 1  0 0 0 1 0  0 1 0 0 0  0 0 1 1 0  0 0 0 0 0 0 0 0 0 0 0 0 0 0 0 0 0 0 0 0 0 0 0]
2: [0 1 0 0 0  0 1 0 1 1  1 0 0 1 0  0 0 0 0 0  0 1 0 1 0  0 0 0 0 0 0 0 0 0 0 0 0 0 0 0 0 0 0 0 0 0 0 0]
3: [0 0 1 1 0  0 0 0 0 0  0 0 0 0 0  0 0 0 0 0  0 1 0 1 0  0 0 0 0 0 0 0 0 0 0 0 0 0 0 0 0 0 0 0 0 0 0 0]
4: [0 0 0 0 1  0 1 0 0 0  0 0 1 1 0  1 1 0 0 0  0 0 1 0 1  0 0 0 0 0 0 0 0 0 0 0 0 0 0 0 0 0 0 0 0 0 0 0]
5: [0 0 0 0 0  1 1 0 1 1  0 1 0 1 0  1 1 0 0 0  0 1 1 1 1  0 0 0 0 0 0 0 0 0 0 0 0 0 0 0 0 0 0 0 0 0 0 0]
6: [0 0 0 0 0  0 0 1 1 0  1 1 0 0 0  0 0 0 0 0  0 0 0 0 0  0 0 0 0 0 0 0 0 0 0 0 0 0 0 0 0 0 0 0 0 0 0 0]
 0       4  5       9  10      14 15      19 20     24

Four moves: vertices of a tetrahedron:
base #3: B F LU LD
base #6: UBL DBR FRU FLD
All bases change parities of 16 2C3 orbits
Take base #6 for example:
Four orbits passing center cell, 12 orbits passing the 12 edges of layer 2 cube

0 C (0, 0, 0, 1)
1 D (0.0, 0.0, -0.7071067811865475, 0.7071067811865475)
2 B (-0.7071067811865475, 0.0, 0.0, 0.7071067811865475)
3 F (0.7071067811865475, 0.0, 0.0, 0.7071067811865475)
4 L (0.0, -0.7071067811865475, 0.0, 0.7071067811865475)
5 R (0.0, 0.7071067811865475, 0.0, 0.7071067811865475)
7 UBL (-0.5, -0.5, 0.5, 0.5)
8 DBR (-0.5, 0.5, -0.5, 0.5)
9 BRU (-0.5, 0.5, 0.5, 0.5)
10 FRU (0.5, 0.5, 0.5, 0.5)
11 FLD (0.5, -0.5, -0.5, 0.5)
12 FLU (0.5, -0.5, 0.5, 0.5)
13 FRD (0.5, 0.5, -0.5, 0.5)

21 LU (0.0, -0.7071067811865475, 0.7071067811865475, 0.0)
22 BL (-0.7071067811865475, -0.7071067811865475, 0.0, 0.0)
23 LD (0.0, -0.7071067811865475, -0.7071067811865475, 0.0)

+x: F
-x: B
+y: R
-y: L
+z: U
-z: D
